  0.000000   9.030572 -20.000000  30.000000 
  0.010000   7.336783 -19.909129  30.090306 
  0.000000   9.030572 -20.000000  30.000000 
  0.015811   6.341244 -19.856321  30.142786 
  0.023717   5.077029 -19.776079  30.150396 
  0.031623   3.749723 -19.702053  30.201658 
  0.055340  -0.095167 -19.470890  30.290591 
  0.067198  -1.675206 -19.337844  30.198273 
  0.079057  -3.350619 -19.218375  30.204363 
  0.114633  -7.334725 -18.840367  30.085162 
  0.132420  -8.158154 -18.617824  29.812957 
  0.150208  -8.949251 -18.422176  29.719443 
  0.203572  -7.446957 -17.797197  29.241880 
  0.230253  -5.141693 -17.436558  29.123350 
  0.256935  -2.199761 -17.105157  28.998371 
  0.330347   4.776389 -16.159745  28.836882 
  0.367053   3.674258 -15.661103  29.524337 
  0.403759   0.696542 -15.141583  29.400125 
  0.474713 -14.070538 -14.167960  29.449547 
  0.510189 -19.602908 -13.621537  27.902592 
  0.545666 -26.060340 -13.187451  27.520167 
  0.652097 -27.024037 -11.723948  24.746555 
  0.705312 -17.588317 -10.989313  23.205898 
  0.758527 -10.549945 -10.309704  22.706058 
  0.845979  -6.845234  -9.157945  21.783447 
  0.889705 -10.747834  -8.688109  21.808116 
  0.933431 -16.706090  -8.109443  21.061441 
  1.005725 -27.652791  -7.243028  19.853675 
  1.041873 -27.617987  -6.830739  18.062705 
  1.078020 -29.945294  -6.467721  17.417092 
  1.153343 -27.134482  -5.656811  15.161547 
  1.191004 -24.545204  -5.327612  14.351349 
  1.228665 -20.585212  -4.941758  13.408698 
  1.309224 -12.660808  -4.181218  11.750369 
  1.349504 -11.985931  -3.922921  11.878780 
  1.389783  -9.499496  -3.530791  11.133408 
  1.477006  -9.002127  -2.834574  10.304837 
  1.520617  -9.500340  -2.592967   9.955624 
  1.564229 -10.673036  -2.274149   9.505121 
  1.657179 -13.594315  -1.672918   8.513058 
  1.703654 -13.126573  -1.459157   7.609726 
  1.750129 -14.220282  -1.218649   7.137255 
  1.868996 -14.877138  -0.626699   5.446945 
  1.928429 -12.989304  -0.463771   4.484673 
  1.987862 -12.825217  -0.242479   3.834647 
  2.113179 -10.641296   0.177592   2.227428 
  2.175837  -9.688010   0.242814   1.834342 
  2.238496  -8.570703   0.418068   1.152127 
  2.360071  -6.549230   0.658325   0.110140 
  2.420859  -6.063358   0.669777  -0.042212 
  2.481647  -5.155537   0.771628  -0.497045 
  2.599844  -3.788662   0.886502  -1.106414 
  2.658942  -3.437066   0.870018  -1.168758 
  2.718041  -2.843374   0.915330  -1.427527 
  2.847741  -1.795395   0.951719  -1.796311 
  2.912590  -1.536328   0.909459  -1.776820 
  2.977440  -1.088338   0.919879  -1.923793 
  3.134280  -0.205587   0.887196  -2.094489 
  3.212701  -0.074842   0.818249  -1.972160 
  3.291121   0.291646   0.801079  -2.031588 
  3.472780   0.916124   0.707996  -1.978608 
  3.563609   0.864270   0.632054  -1.781955 
  3.654439   1.121120   0.594307  -1.757536 
  3.864078   1.414340   0.467833  -1.522505 
  3.968898   1.208730   0.404462  -1.312784 
  4.073717   1.340043   0.357790  -1.230168 
  4.333032   1.303355   0.222383  -0.882675 
  4.462690   1.023587   0.186745  -0.723199 
  4.592347   1.049130   0.140730  -0.614468 
  4.859587   0.820047   0.051613  -0.334099 
  4.993207   0.661096   0.048174  -0.285744 
  5.126827   0.596947   0.014991  -0.186719 
  5.340619   0.421543  -0.018518  -0.059097 
  5.447515   0.364495  -0.015837  -0.051535 
  5.554411   0.296707  -0.029416  -0.000649 
  5.297860   0.456635  -0.011816  -0.084621 
  5.383377   0.406077  -0.012781  -0.069569 
  5.468894   0.347418  -0.023729  -0.027540 
  5.605721   0.259864  -0.033990   0.019996 
  5.674134   0.232531  -0.033576   0.025795 
  5.742547   0.194603  -0.037695   0.045573 
  5.865852   0.135375  -0.041371   0.069568 
  5.927504   0.118798  -0.040129   0.070611 
  5.989156   0.093073  -0.041467   0.080386 
  6.133086   0.043148  -0.041832   0.093783 
  6.205051   0.033957  -0.039280   0.089702 
  6.277017   0.012974  -0.039230   0.094825 
  6.442489  -0.022698  -0.036520   0.096972 
  6.525225  -0.023893  -0.033288   0.089191 
  6.607961  -0.038473  -0.032058   0.089761 
  6.797080  -0.057873  -0.027207   0.082485 
  6.891640  -0.052438  -0.024094   0.073343 
  6.986199  -0.060331  -0.022133   0.070415 
  7.212997  -0.064908  -0.016202   0.056732 
  7.326396  -0.054770  -0.013856   0.048334 
  7.439795  -0.057299  -0.011661   0.043478 
  7.763315  -0.048358  -0.005141   0.024941 
  7.925075  -0.034572  -0.004547   0.020011 
  8.086835  -0.034850  -0.002462   0.014868 
  7.698611  -0.050146  -0.006445   0.028648 
  7.828019  -0.040608  -0.005543   0.024010 
  7.957427  -0.039065  -0.003651   0.018893 
  8.206729  -0.029007  -0.000761   0.009154 
  8.331380  -0.024217  -0.000796   0.008045 
  8.456030  -0.020828   0.000332   0.004377 
  8.156868  -0.031019  -0.001339   0.011101 
  8.256589  -0.027148  -0.001130   0.009613 
  8.356310  -0.023975  -0.000200   0.006493 
  8.540553  -0.017533   0.000923   0.002075 
  8.632675  -0.015431   0.000884   0.001647 
  8.724796  -0.012800   0.001341  -0.000151 
  8.872966  -0.008962   0.001715  -0.002048 
  8.947051  -0.007906   0.001648  -0.002143 
  9.021137  -0.006272   0.001795  -0.002921 
  9.160676  -0.003706   0.001889  -0.003796 
  9.230446  -0.003131   0.001792  -0.003697 
  9.300216  -0.002042   0.001821  -0.004043 
  9.457597  -0.000127   0.001758  -0.004364 
  9.536287   0.000078   0.001621  -0.004073 
  9.614977   0.000869   0.001588  -0.004188 
  9.792400   0.002047   0.001409  -0.004034 
  9.881112   0.001927   0.001265  -0.003643 
  9.969824   0.002404   0.001189  -0.003574 
 10.177719   0.002890   0.000940  -0.003074 
 10.281667   0.002518   0.000817  -0.002672 
 10.385615   0.002728   0.000721  -0.002485 
 10.648574   0.002600   0.000447  -0.001768 
 10.780054   0.002071   0.000377  -0.001460 
 10.911533   0.002094   0.000281  -0.001227 
 11.190188   0.001610   0.000096  -0.000643 
 11.329515   0.001285   0.000093  -0.000554 
 11.468843   0.001157   0.000024  -0.000350 
 11.134457   0.001707   0.000133  -0.000760 
 11.245919   0.001460   0.000116  -0.000656 
 11.357381   0.001321   0.000058  -0.000476 
 11.569626   0.000963  -0.000018  -0.000196 
 11.675749   0.000833  -0.000015  -0.000170 
 11.781871   0.000695  -0.000046  -0.000058 
 11.951668   0.000478  -0.000072   0.000060 
 12.036566   0.000420  -0.000068   0.000064 
 12.121464   0.000331  -0.000078   0.000112 
 12.258301   0.000209  -0.000084   0.000157 
 12.326720   0.000180  -0.000080   0.000155 
 12.395138   0.000128  -0.000082   0.000173 
 12.548094   0.000036  -0.000081   0.000193 
 12.624572   0.000023  -0.000075   0.000181 
 12.701050  -0.000015  -0.000074   0.000189 
 12.873887  -0.000075  -0.000067   0.000186 
 12.960305  -0.000073  -0.000060   0.000169 
 13.046724  -0.000097  -0.000057   0.000168 
 13.246806  -0.000125  -0.000047   0.000148 
 13.346847  -0.000111  -0.000041   0.000130 
 13.446888  -0.000123  -0.000037   0.000123 
 13.692997  -0.000123  -0.000025   0.000093 
 13.816052  -0.000100  -0.000021   0.000077 
 13.939106  -0.000103  -0.000017   0.000067 
 14.308270  -0.000076  -0.000004   0.000029 
 14.492852  -0.000050  -0.000005   0.000025 
 14.677434  -0.000051  -0.000001   0.000015 
 14.234437  -0.000082  -0.000007   0.000037 
 14.382103  -0.000063  -0.000006   0.000031 
 14.529768  -0.000059  -0.000003   0.000021 
 14.819700  -0.000037   0.000002   0.000004 
 14.964666  -0.000030   0.000001   0.000005 
 15.109632  -0.000023   0.000003  -0.000001 
 15.408933  -0.000009   0.000004  -0.000008 
 15.558584  -0.000008   0.000003  -0.000005 
 15.708235  -0.000003   0.000004  -0.000008 
 16.051484   0.000005   0.000003  -0.000009 
 16.223109   0.000002   0.000002  -0.000006 
 16.394734   0.000005   0.000002  -0.000007 
 16.862566   0.000007   0.000001  -0.000005 
 17.096483   0.000002   0.000001  -0.000002 
 17.330399   0.000005   0.000001  -0.000003 
 17.926155   0.000003  -0.000000  -0.000000 
 18.224032   0.000000   0.000000  -0.000001 
 18.521910   0.000002   0.000000  -0.000001 
 19.101582   0.000000  -0.000000   0.000001 
 19.391418   0.000000   0.000000  -0.000000 
 19.681254   0.000000  -0.000000   0.000000 
 20.401749  -0.000001  -0.000000   0.000001 
 20.761996   0.000001   0.000000  -0.000000 
 21.122243  -0.000000  -0.000000   0.000000 
 22.202985  -0.000001  -0.000000   0.000000 
 22.743356   0.000002   0.000000  -0.000001 
 23.283727  -0.000001  -0.000000   0.000001 
 24.270964  -0.000002   0.000000   0.000000 
 24.764583   0.000003   0.000000  -0.000001 
 25.258201  -0.000003  -0.000001   0.000002 
 24.073517  -0.000002  -0.000000   0.000001 
 24.468412   0.000001   0.000000  -0.000000 
 24.863306  -0.000001  -0.000000   0.000001 
 25.629247  -0.000001   0.000000   0.000000 
 26.012217   0.000001  -0.000000   0.000000 
 26.395187  -0.000001  -0.000000   0.000001 
 27.156721  -0.000000   0.000000  -0.000000 
 27.537489   0.000000  -0.000000   0.000000 
 27.918256  -0.000001   0.000000   0.000000 
 28.742199   0.000000   0.000000  -0.000001 
 29.154170  -0.000000  -0.000000   0.000000 
 29.566141  -0.000000   0.000000  -0.000000 
 30.549259   0.000001   0.000000  -0.000001 
 31.040818  -0.000001  -0.000000   0.000001 
 31.532376  -0.000000   0.000000  -0.000001 
 33.007053   0.000002   0.000000  -0.000001 
 33.744391  -0.000006  -0.000001   0.000005 
 34.481729   0.000002   0.000002  -0.000007 
 32.712118   0.000002   0.000000  -0.000001 
 33.301988  -0.000003  -0.000001   0.000003 
 33.891859   0.000001   0.000001  -0.000003 
 34.877949   0.000005   0.000000  -0.000002 
 35.370995  -0.000007  -0.000001   0.000004 
 35.864040   0.000005   0.000002  -0.000006 
 34.680731   0.000004   0.000000  -0.000002 
 35.075168  -0.000003  -0.000000   0.000002 
 35.469604   0.000003   0.000001  -0.000003 
 36.145726   0.000003   0.000000  -0.000001 
 36.483787  -0.000001   0.000000   0.000000 
 36.821848   0.000002   0.000000  -0.000001 
 37.460431   0.000001  -0.000000   0.000000 
 37.779722  -0.000000   0.000000  -0.000000 
 38.099013   0.000001   0.000000  -0.000000 
 38.794232  -0.000000  -0.000000   0.000001 
 39.141842   0.000000   0.000000  -0.000000 
 39.489451   0.000000  -0.000000   0.000000 
 40.357929  -0.000001  -0.000000   0.000000 
 40.792168   0.000001   0.000000  -0.000001 
 41.226406   0.000000  -0.000000   0.000000 
 42.529122  -0.000001  -0.000000   0.000000 
 43.180480   0.000003   0.000000  -0.000002 
 43.831839  -0.000001  -0.000001   0.000003 
 44.881125  -0.000004  -0.000000   0.000001 
 45.405768   0.000007   0.000001  -0.000004 
 45.930411  -0.000005  -0.000002   0.000006 
 44.671268  -0.000003  -0.000000   0.000002 
 45.090982   0.000004   0.000000  -0.000002 
 45.510697  -0.000003  -0.000001   0.000003 
 46.184058  -0.000003  -0.000000   0.000001 
 46.520739   0.000001  -0.000000  -0.000000 
 46.857420  -0.000002  -0.000000   0.000001 
 47.490662  -0.000001   0.000000  -0.000000 
 47.807283  -0.000000  -0.000000   0.000000 
 48.123904  -0.000001   0.000000   0.000000 
 48.820563   0.000000   0.000000  -0.000001 
 49.168893  -0.000000  -0.000000   0.000000 
 49.517222  -0.000000   0.000000  -0.000000 
 50.402881   0.000001   0.000000  -0.000000 
 50.845711  -0.000001  -0.000000   0.000001 
 51.288540  -0.000000   0.000000  -0.000000 
 52.617029   0.000001   0.000000  -0.000000 
 53.281273  -0.000003  -0.000001   0.000002 
 53.945518   0.000002   0.000001  -0.000003 
 52.351331   0.000001   0.000000  -0.000000 
 52.882727  -0.000002  -0.000000   0.000001 
 53.414122   0.000001   0.000000  -0.000001 
 54.466997   0.000002   0.000000  -0.000001 
 54.993434  -0.000004  -0.000000   0.000002 
 55.519871   0.000003   0.000001  -0.000003 
 54.256422   0.000002   0.000000  -0.000001 
 54.677571  -0.000002  -0.000000   0.000001 
 55.098721   0.000001   0.000000  -0.000001 
 55.885983   0.000001  -0.000000  -0.000000 
 56.279614  -0.000001   0.000000   0.000000 
 56.673244   0.000002   0.000000  -0.000001 
 57.402074   0.000001  -0.000000   0.000000 
 57.766488  -0.000000   0.000000  -0.000000 
 58.130903   0.000001   0.000000  -0.000000 
 58.880184   0.000000  -0.000000   0.000000 
 59.254824   0.000000   0.000000  -0.000000 
 59.629465   0.000001  -0.000000   0.000000 
 59.814732   0.000000  -0.000000   0.000000 
 59.907366   0.000000  -0.000000   0.000000 
 60.000000   0.000000  -0.000000   0.000000 
