  0.000000  10.000000 -20.000000  30.000000 
   0.010000   9.200000 -19.900000  30.100000 
   0.000000  10.000000 -20.000000  30.000000 
   0.015811   8.735089 -19.841886  30.158114 
   0.023717   8.155133 -19.755329  30.207171 
   0.031623   7.539545 -19.674088  30.276966 
   0.055340   5.745751 -19.422619  30.455782 
   0.067198   4.963761 -19.281577  30.481374 
   0.079057   4.103012 -19.151762  30.551933 
   0.114633   1.637270 -18.746194  30.697900 
   0.132420   0.651981 -18.513978  30.639303 
   0.150208  -0.505700 -18.304614  30.676256 
   0.203572  -3.725709 -17.644420  30.649270 
   0.230253  -4.815901 -17.263638  30.378031 
   0.256935  -6.277496 -16.926469  30.303280 
   0.336980 -10.123791 -15.855720  29.800796 
   0.377003 -11.002643 -15.252115  29.087739 
   0.417025 -12.660580 -14.722001  28.756862 
   0.537093 -16.525868 -13.036867  27.236735 
   0.597127 -16.518669 -12.164582  25.780526 
   0.657161 -18.070170 -11.383235  24.995448 
   0.837262 -20.564677  -8.931654  21.740982 
   0.927313 -18.705733  -7.922764  19.439851 
   1.017364 -19.696363  -6.911882  18.085258 
   1.263803 -18.902285  -4.158329  13.231310 
   1.387022 -15.503719  -3.557981  11.097874 
   1.510242 -15.549783  -2.545794   9.426251 
   1.771578 -12.349178  -0.747679   5.362525 
   1.902246 -10.072181  -0.736753   4.585315 
   2.032915  -9.143614  -0.048596   3.128865 
   1.719311 -12.989299  -1.107302   6.175270 
   1.823845 -11.275972  -0.956460   5.352757 
   1.928380 -10.310787  -0.383089   4.075410 
   2.126757  -7.836870   0.349385   2.029983 
   2.225946  -6.854919   0.324930   1.743423 
   2.325135  -5.872650   0.621854   0.921126 
   2.087082  -8.331653   0.202890   2.439068 
   2.166433  -7.505292   0.245837   2.092036 
   2.245784  -6.657006   0.486669   1.407887 
   2.374887  -5.301646   0.731263   0.548444 
   2.439439  -4.816040   0.734491   0.381195 
   2.503991  -4.218543   0.833555   0.016922 
   2.649928  -2.992201   0.957671  -0.598718 
   2.722896  -2.646402   0.912132  -0.638086 
   2.795864  -2.122636   0.959190  -0.891105 
   2.932977  -1.296192   0.968526  -1.182145 
   3.001533  -1.103201   0.915255  -1.157692 
   3.070090  -0.751139   0.914265  -1.273395 
   3.225455  -0.122056   0.858469  -1.390096 
   3.303137  -0.046333   0.790371  -1.301840 
   3.380820   0.214072   0.763767  -1.344303 
   3.556377   0.610913   0.661850  -1.306721 
   3.644156   0.580535   0.593950  -1.183428 
   3.731934   0.741482   0.551008  -1.165507 
   3.936694   0.915129   0.425183  -1.013681 
   4.039074   0.802021   0.370256  -0.884434 
   4.141454   0.875564   0.321167  -0.827133 
   4.397304   0.850782   0.191716  -0.603120 
   4.525228   0.685472   0.163280  -0.500625 
   4.653153   0.695988   0.116742  -0.426566 
   4.917334   0.553635   0.034892  -0.242699 
   5.049425   0.449557   0.034394  -0.207176 
   5.181516   0.409359   0.003191  -0.141772 
   4.864498   0.582106   0.051262  -0.279472 
   4.970171   0.504107   0.044395  -0.242028 
   5.075843   0.461624   0.018358  -0.184471 
   5.276061   0.350642  -0.014901  -0.092046 
   5.376169   0.306297  -0.013761  -0.079164 
   5.476278   0.262418  -0.027237  -0.042078 
   5.236017   0.372838  -0.008249  -0.110531 
   5.316104   0.335579  -0.010180  -0.094893 
   5.396191   0.297607  -0.021111  -0.064018 
   5.524742   0.237551  -0.032054  -0.025760 
   5.589017   0.215930  -0.032259  -0.018211 
   5.653292   0.189429  -0.036697  -0.001982 
   5.799872   0.134477  -0.042366   0.025784 
   5.873162   0.118956  -0.040342   0.027585 
   5.946452   0.095498  -0.042499   0.038999 
   6.083150   0.058727  -0.042977   0.052053 
   6.151499   0.050068  -0.040638   0.051041 
   6.219849   0.034393  -0.040620   0.056236 
   6.374762   0.006314  -0.038201   0.061564 
   6.452218   0.002847  -0.035191   0.057703 
   6.529675  -0.008783  -0.034032   0.059648 
   6.704791  -0.026598  -0.029547   0.058110 
   6.792349  -0.025338  -0.026530   0.052662 
   6.879907  -0.032565  -0.024636   0.051916 
   7.083924  -0.040461  -0.019071   0.045272 
   7.185932  -0.035509  -0.016618   0.039534 
   7.287941  -0.038842  -0.014444   0.037020 
   7.542181  -0.037916  -0.008704   0.027145 
   7.669301  -0.030627  -0.007411   0.022561 
   7.796421  -0.031133  -0.005343   0.019283 
   8.062293  -0.024832  -0.001637   0.011006 
   8.195229  -0.020105  -0.001607   0.009380 
   8.328165  -0.018362  -0.000198   0.006451 
   8.009118  -0.026092  -0.002378   0.012661 
   8.115467  -0.022563  -0.002063   0.010959 
   8.221816  -0.020696  -0.000885   0.008374 
   8.423700  -0.015721   0.000626   0.004196 
   8.524642  -0.013716   0.000575   0.003614 
   8.625585  -0.011757   0.001187   0.001940 
   8.383324  -0.016716   0.000324   0.005032 
   8.464077  -0.015035   0.000412   0.004325 
   8.544831  -0.013336   0.000909   0.002931 
   8.674037  -0.010647   0.001405   0.001207 
   8.738640  -0.009677   0.001415   0.000867 
   8.803243  -0.008491   0.001616   0.000136 
   8.949612  -0.006045   0.001873  -0.001107 
   9.022797  -0.005351   0.001785  -0.001191 
   9.095982  -0.004306   0.001882  -0.001702 
   9.231998  -0.002672   0.001907  -0.002288 
   9.300006  -0.002282   0.001805  -0.002247 
   9.368015  -0.001585   0.001805  -0.002481 
   9.522323  -0.000330   0.001701  -0.002725 
   9.599477  -0.000170   0.001568  -0.002557 
   9.676632   0.000350   0.001518  -0.002647 
   9.851186   0.001152   0.001321  -0.002586 
   9.938463   0.001101   0.001187  -0.002345 
  10.025740   0.001426   0.001104  -0.002315 
  10.228831   0.001787   0.000858  -0.002025 
  10.330377   0.001571   0.000748  -0.001770 
  10.431922   0.001723   0.000652  -0.001661 
  10.684199   0.001691   0.000397  -0.001226 
  10.810337   0.001371   0.000338  -0.001020 
  10.936476   0.001395   0.000246  -0.000876 
  11.204538   0.001117   0.000078  -0.000501 
  11.338569   0.000901   0.000076  -0.000427 
  11.472600   0.000826   0.000012  -0.000295 
  11.150925   0.001172   0.000111  -0.000576 
  11.258150   0.001012   0.000097  -0.000498 
  11.365375   0.000930   0.000043  -0.000382 
  11.569318   0.000707  -0.000026  -0.000192 
  11.671289   0.000615  -0.000024  -0.000166 
  11.773260   0.000528  -0.000052  -0.000090 
  11.941873   0.000380  -0.000075  -0.000001 
  12.026179   0.000336  -0.000071   0.000006 
  12.110485   0.000274  -0.000080   0.000043 
  12.257772   0.000181  -0.000086   0.000083 
  12.331416   0.000158  -0.000081   0.000083 
  12.405059   0.000118  -0.000083   0.000099 
  12.554737   0.000053  -0.000081   0.000117 
  12.629577   0.000042  -0.000075   0.000111 
  12.704416   0.000015  -0.000074   0.000118 
  12.871640  -0.000030  -0.000066   0.000120 
  12.955253  -0.000031  -0.000060   0.000110 
  13.038865  -0.000049  -0.000057   0.000111 
  13.229081  -0.000072  -0.000047   0.000102 
  13.324190  -0.000065  -0.000041   0.000090 
  13.419298  -0.000075  -0.000037   0.000087 
  13.647536  -0.000080  -0.000026   0.000069 
  13.761655  -0.000068  -0.000022   0.000059 
  13.875774  -0.000071  -0.000018   0.000053 
  14.217953  -0.000059  -0.000006   0.000029 
  14.389042  -0.000040  -0.000006   0.000023 
  14.560132  -0.000041  -0.000002   0.000017 
  14.880187  -0.000026   0.000003   0.000003 
  15.040215  -0.000020   0.000001   0.000004 
  15.200243  -0.000016   0.000003  -0.000000 
  15.534474  -0.000005   0.000004  -0.000006 
  15.701589  -0.000005   0.000003  -0.000003 
  15.868705  -0.000002   0.000004  -0.000005 
  16.260455   0.000004   0.000003  -0.000006 
  16.456329   0.000001   0.000002  -0.000003 
  16.652204   0.000003   0.000002  -0.000004 
  17.235211   0.000004   0.000000  -0.000002 
  17.526715  -0.000000   0.000000  -0.000000 
  17.818218   0.000003   0.000001  -0.000002 
  18.424862   0.000002  -0.000000  -0.000000 
  18.728185   0.000000   0.000000  -0.000000 
  19.031507   0.000001  -0.000000  -0.000000 
  19.686136  -0.000000  -0.000000   0.000001 
  20.013450   0.000000   0.000000  -0.000000 
  20.340765   0.000000  -0.000000   0.000000 
  21.170946  -0.000001  -0.000000   0.000001 
  21.586037   0.000001   0.000000  -0.000001 
  22.001127  -0.000000  -0.000000   0.000000 
  23.246399  -0.000001  -0.000000   0.000000 
  23.869035   0.000002   0.000000  -0.000001 
  24.491672  -0.000001  -0.000001   0.000002 
  25.505396  -0.000003   0.000000   0.000001 
  26.012259   0.000005   0.000000  -0.000002 
  26.519121  -0.000004  -0.000002   0.000004 
  25.302651  -0.000003  -0.000000   0.000001 
  25.708141   0.000003   0.000000  -0.000001 
  26.113631  -0.000002  -0.000001   0.000002 
  26.804707  -0.000002   0.000000   0.000000 
  27.150245   0.000001  -0.000000   0.000000 
  27.495783  -0.000002  -0.000000   0.000001 
  28.165462  -0.000001   0.000000  -0.000000 
  28.500301   0.000000  -0.000000   0.000000 
  28.835141  -0.000001   0.000000   0.000000 
  29.581624   0.000000   0.000000  -0.000001 
  29.954866  -0.000000  -0.000000   0.000000 
  30.328107  -0.000000   0.000000  -0.000000 
  31.284574   0.000001   0.000000  -0.000000 
  31.762807  -0.000001  -0.000000   0.000001 
  32.241041  -0.000000   0.000000  -0.000001 
  33.597717   0.000002   0.000000  -0.000001 
  34.276055  -0.000004  -0.000001   0.000003 
  34.954393   0.000002   0.000002  -0.000004 
  33.326382   0.000001   0.000000  -0.000001 
  33.869052  -0.000002  -0.000000   0.000002 
  34.411723   0.000001   0.000001  -0.000002 
  35.413313   0.000003  -0.000000  -0.000001 
  35.914108  -0.000004  -0.000000   0.000002 
  36.414903   0.000003   0.000001  -0.000004 
  35.212995   0.000002   0.000000  -0.000001 
  35.613631  -0.000002  -0.000000   0.000001 
  36.014267   0.000002   0.000001  -0.000002 
  36.757532   0.000002  -0.000000  -0.000000 
  37.129164  -0.000001   0.000000   0.000000 
  37.500797   0.000002   0.000000  -0.000001 
  38.206875   0.000001  -0.000000   0.000000 
  38.559915  -0.000000   0.000000  -0.000000 
  38.912954   0.000001  -0.000000  -0.000000 
  39.663937  -0.000000  -0.000000   0.000000 
  40.039428   0.000000   0.000000  -0.000000 
  40.414919   0.000000  -0.000000   0.000000 
  41.311297  -0.000001  -0.000000   0.000001 
  41.759485   0.000001   0.000000  -0.000001 
  42.207674   0.000000  -0.000000   0.000000 
  43.499234  -0.000001  -0.000000   0.000001 
  44.145014   0.000003   0.000001  -0.000002 
  44.790795  -0.000001  -0.000001   0.000003 
  45.909302  -0.000005  -0.000000   0.000002 
  46.468556   0.000010   0.000001  -0.000006 
  47.027810  -0.000006  -0.000004   0.000008 
  45.685601  -0.000004  -0.000000   0.000002 
  46.133004   0.000005   0.000001  -0.000003 
  46.580407  -0.000003  -0.000002   0.000004 
  45.506640  -0.000003  -0.000001   0.000002 
  45.864562   0.000002   0.000000  -0.000001 
  46.222484  -0.000002  -0.000001   0.000002 
  46.957295  -0.000002   0.000000   0.000001 
  47.324700   0.000001  -0.000000  -0.000000 
  47.692105  -0.000002  -0.000000   0.000001 
  48.375181  -0.000001   0.000000  -0.000000 
  48.716719   0.000000  -0.000000   0.000000 
  49.058256  -0.000001   0.000000   0.000000 
  49.781545  -0.000000   0.000000  -0.000000 
  50.143189  -0.000000  -0.000000   0.000000 
  50.504834  -0.000000   0.000000  -0.000000 
  51.371816   0.000000   0.000000  -0.000000 
  51.805308  -0.000000  -0.000000   0.000001 
  52.238799  -0.000000   0.000000  -0.000000 
  53.504275   0.000001   0.000000  -0.000001 
  54.137013  -0.000002  -0.000001   0.000002 
  54.769751   0.000001   0.000001  -0.000002 
  55.917684   0.000004   0.000000  -0.000001 
  56.491651  -0.000009  -0.000001   0.000005 
  57.065617   0.000005   0.000003  -0.000007 
  55.688098   0.000003   0.000000  -0.000002 
  56.147271  -0.000004  -0.000001   0.000003 
  56.606444   0.000003   0.000002  -0.000003 
  55.504428   0.000003   0.000000  -0.000002 
  55.871767  -0.000002  -0.000000   0.000001 
  56.239105   0.000002   0.000001  -0.000002 
  56.996591   0.000002  -0.000000  -0.000001 
  57.375333  -0.000001   0.000000   0.000000 
  57.754076   0.000002   0.000000  -0.000001 
  58.456688   0.000001  -0.000000   0.000000 
  58.807994  -0.000000   0.000000  -0.000000 
  59.159299   0.000001   0.000000  -0.000000 
  59.579650   0.000001  -0.000000   0.000000 
  59.789825   0.000000  -0.000000  -0.000000 
  60.000000   0.000000  -0.000000   0.000000 
 